 -2.08920847e+02 1.85614199e+01 -2.62532242e-01 2.12296374e+01
 -2.07503468e+02 -2.04237013e+01 5.65189779e+01 2.18933723e+01
 -2.83157223e+02 -2.90262131e+01 6.73235948e+01 1.22924334e+01
 -2.77066107e+02 -4.66241961e+01 2.84578479e+01 -4.87021680e-01
 -3.66629908e+02 -1.58933734e+02 8.77222227e+01 6.23187712e+01
 -3.50675186e+02 -1.56439328e+02 8.08093298e+01 9.10395279e+01
 -2.34519342e+02 -4.09332991e+01 8.57279196e+00 4.31405267e+01
 -2.06878536e+02 -8.88348478e+00 1.80738869e+01 1.59360460e+01
 -2.78059030e+02 -1.29751471e+01 4.39562496e+01 8.07986908e+01
 -1.71914214e+02 3.79483106e+01 4.56225612e+01 -1.71035098e+01
 -3.55931921e+02 -5.29910365e+01 5.88902765e+01 1.57708207e+01
 -2.96704477e+02 -5.93253900e+01 3.86788806e+01 3.26999474e+01
 -2.93368544e+02 -1.14853296e+02 2.39005394e+00 4.54277857e+01
 -1.20597306e+02 5.68226013e+01 -1.62352658e+01 3.57753553e+00
 -2.47806693e+02 -4.39107780e+00 3.54333715e+01 3.62875011e+01
 -2.04189419e+02 -5.49915836e+00 2.37480993e+01 -2.25642680e+01
 -3.37271431e+02 -9.78833697e+01 7.59990122e+01 3.93259021e+01
 -2.44453126e+02 -9.78113261e+01 6.56707988e+00 7.87281144e+01
 -2.29922834e+02 1.69041268e+00 1.42056652e+01 6.92643252e+01
 -2.46554183e+02 1.43783555e+00 3.18284856e+01 6.44116664e+01
 -2.60786244e+02 -1.83720784e+01 5.23699228e+01 1.21608546e+01
 -1.97822925e+02 -9.52708215e+00 2.83612967e+01 -2.21380674e+01
 -2.06247719e+02 -5.02445008e+01 1.31258417e+01 -1.03628359e+01
 -2.16350159e+02 -6.97931725e+01 1.74580771e+01 1.97871308e+01
 -6.88822256e+01 1.50934337e+01 -5.87946685e+01 -1.19129958e+01
 -2.80595944e+02 -4.72790419e+01 1.77550067e+01 3.27707454e+01
 -1.61930022e+02 -3.60401267e-01 -5.06302097e+00 1.84972217e+00
 -2.45486000e+02 1.99833189e+01 -4.28468364e+00 -2.56402611e+01
 -3.00029518e+02 -6.26676178e+01 1.72233357e+01 3.77966365e+01
 -3.37494097e+02 -7.63678660e+01 6.13991702e+01 3.47772696e+01
 -3.01429172e+02 -8.12939433e+01 2.95884455e+01 1.20370323e+01
 -2.24326576e+02 -7.74625616e+01 2.41936026e+01 1.90479642e+01
 -3.02793007e+02 -8.15131934e+01 6.65722653e+00 5.90452418e+01
 -1.49193201e+02 2.11354309e+01 -1.88244757e+01 2.42717256e+01
 -1.07862221e+02 5.87180238e+01 -2.54898209e+01 1.36510260e+01
 -6.30929052e+01 9.81361725e+01 -5.55322087e+01 -3.17666525e+01
 -1.77856735e+02 4.85895932e+01 3.30537536e+00 -9.35537553e+00
 -2.71201234e+02 -2.51012524e+01 2.17334142e+01 -3.97544397e+00
 -3.30611012e+02 -1.21322828e+02 2.51973275e+01 4.36323739e+01
 -2.03876022e+02 -8.14174363e+01 2.49846239e+01 6.99952702e+01
 -1.97504799e+02 5.10806079e+00 -3.13781410e+01 3.07574841e+01
 -1.12791868e+02 8.75878136e+01 -1.67509559e+01 7.30434807e+00
 -8.64511586e+01 8.48510575e+01 -2.52404691e+01 -2.06630558e+01
 -2.89262791e+02 -3.41785000e+00 4.95856017e+01 3.37968798e+01
 -3.29630763e+02 -3.15895714e+01 4.58673848e+01 4.09164246e+01
 -2.83396223e+02 -7.88620218e+01 2.50906181e+01 -6.47685517e-01
 -2.01341769e+02 -7.45728035e+01 4.34583135e+01 -2.40765220e+00
 -2.92550402e+02 -9.96003010e+01 -8.75929126e+00 4.80100694e+01
 -1.71849004e+02 2.91451887e+01 -3.40975578e+01 1.28713037e+01
 -3.10285922e+02 -3.02271715e+01 6.03965697e+01 6.75774771e+01
 -3.20268206e+02 3.25148258e+01 -1.97559003e+01 2.12515437e+00
 -2.00554816e+02 6.09271955e+01 -4.46428085e+01 -2.75324689e+01
 -2.39423202e+02 8.19912124e+01 -2.87223870e+01 -6.69433721e+00
 -1.81266333e+02 6.84154285e+01 -2.48337318e+01 -4.28452637e+01
 -1.98437604e+02 3.00251698e+01 -1.06307901e+01 -1.30102600e+00
 -1.60832427e+02 7.05069029e+01 4.64582335e+00 -2.08482580e+01
 -1.10590946e+02 8.27003186e+01 1.81517418e+00 -2.40168877e+01
 -1.00242559e+02 4.11388174e+01 8.50020461e+00 -5.99676017e+01
 -2.52817072e+02 -1.84723027e-01 -1.60667749e+01 -2.79620794e+00
 -1.97067548e+02 4.75142218e+00 -7.16975213e+00 -3.16185222e+01
 -1.67287446e+02 -3.88415604e+01 -5.37248717e+00 3.06273928e+00
 -9.11821327e+01 -2.24598076e+01 -4.86417760e+01 2.64541031e+00
 -1.56661447e+02 -8.24092585e+00 -3.55000405e+01 8.44037481e+00
 -5.03844167e+01 3.80381524e+01 -4.35445500e+01 -1.58726436e+01
 -1.46089900e+02 4.13503391e+01 -3.74634328e+01 -3.17475229e+01
 -1.19461529e+02 5.10554899e+01 -2.58156815e+01 -5.84906344e+01
 -1.78325467e+02 5.11601826e+01 -3.69521507e+01 -6.71186640e+01
 -9.88855303e+01 9.90308642e+01 -5.21345115e+01 -1.77025287e+01
 -1.77069695e+02 8.01466044e+01 -3.46451767e+01 -2.51649235e+01
 -1.59735654e+02 6.61818287e+01 -3.57543848e+01 -2.64784392e+01
 -1.53186764e+02 6.91238341e+01 -1.78020769e+01 -2.50140641e+00
 -1.04335349e+02 4.56196680e+01 -1.81626746e+01 -8.45239196e+00
 -1.42014475e+02 4.22416407e+01 -4.61560842e+01 2.93822475e+01
 -2.48721156e+02 -1.86761122e+01 -6.25709374e+00 4.13524829e+01
 -2.27958874e+02 -7.59778635e+01 1.72756364e+00 1.98277324e+01
 -1.97079563e+02 -5.38863707e+00 -1.63231362e+01 -3.79541645e+00
 -2.12329322e+02 -1.52196973e+01 -4.02672213e+00 -3.76342043e+01
 -1.46461442e+02 2.01367884e+01 5.42381110e+00 -4.36285856e+01
 -1.38443915e+02 6.61382563e+01 -1.14569678e+01 -5.13050845e+01
 -1.46754615e+02 8.15230755e+01 -2.34948728e+01 -5.72430961e+01
 -8.26634602e+01 8.20163643e+01 -3.79273031e+01 -5.44973488e+00
 -1.32668916e+02 2.03425454e+01 -2.08481698e+01 -9.22569730e+00
 -9.52224481e+01 4.65197870e+01 -3.72611368e+01 -7.74198422e+00
 -1.58390293e+02 -2.48472080e+01 -5.94903046e+01 2.34504567e+01
 -1.16330284e+02 -4.32905264e+01 -2.14602305e+01 2.95261115e+00
 -1.57276859e+02 -4.32542835e+01 -2.31099807e+01 -2.74544288e+01
 -2.33258508e+02 -5.27447042e+01 1.75435038e+01 1.38824757e+00
 -2.40958482e+02 -7.13358865e+01 -2.34817379e+01 6.65185328e-01
 -2.63509556e+02 -4.21234078e+01 1.93857084e+01 -1.00713702e+01
 -1.86300039e+02 -1.43059081e+01 1.83890151e+01 -3.17769471e+01
 -1.66001888e+02 -3.84254699e+01 -1.32280460e+01 -6.14313931e+00
 -1.58650041e+02 -4.32815111e+01 -1.65623431e+00 3.79935334e+00
 -1.77267186e+02 -4.32106509e+01 -1.89061270e+01 -6.76153426e+00
 -1.78310590e+02 -5.98869228e+01 -4.25659554e+01 7.93881151e+00
 -1.30166065e+02 1.59955016e+01 -4.37268492e+01 -2.56044473e+00
 -1.24322570e+02 4.27652811e+01 -4.38686394e+01 1.11373498e+00
 -1.31263638e+02 4.73426027e+01 -1.70257534e+01 4.73790383e+00
 -1.47306793e+02 5.27736488e+01 -5.44798923e+00 -2.13036939e+01
 -1.82518336e+02 6.73282449e+01 -2.47362644e+01 -4.65463462e+00
 -2.28610457e+02 5.98564696e+01 -3.57628493e+01 -4.30531760e+01
 -9.21241016e+01 3.63134929e+01 5.44729477e+00 -5.59300182e+01
 -1.63681649e+02 1.17621437e+01 -1.53505624e+01 -5.91411312e+01
 -1.70791715e+02 -1.40324735e+01 7.68606029e+00 -2.49056648e+01
 -1.78294294e+02 -2.92048102e+01 -1.26519784e+01 -2.61371301e+01
 -1.08775682e+02 -4.01384173e+01 -2.44773289e+01 1.07782645e+01
 -1.53758714e+02 1.32173799e+00 -4.31054883e+01 -1.81325628e+01
 -1.39700618e+02 6.28962516e+01 -3.24679247e+01 -1.19469698e+01
 -7.07863910e+01 5.79539864e+01 -2.47495693e+01 -5.09439068e+01
 -1.16179229e+02 6.79594525e+01 6.11532475e+00 -5.22972165e+01
 -2.30017221e+00 -6.10383730e+01 -8.57323689e+00 -8.23109147e+01
 -2.35400908e+02 -2.88633678e+00 9.96893127e+00 -1.27745567e+01
 -1.59826614e+02 1.40811433e+00 5.72829368e+00 -4.14314083e+01
 -1.55492530e+02 -2.07378669e+01 6.46126142e+00 -8.97812912e+00
 -1.54152572e+02 -3.52736890e+01 1.05756193e+01 -1.27535461e+01
 -2.10520494e+02 -3.42033712e+01 2.15940931e+01 1.05788722e+01
 -1.81866716e+02 -1.56024488e+01 4.83212927e+00 8.80656819e+00
 -1.38274663e+02 -1.83178980e+00 -4.56904106e+00 3.71125280e-01
 -1.69122243e+02 -6.47702994e+01 -9.95908368e+00 5.03873143e+00
 -1.44505033e+02 -1.85913333e+01 -2.06397156e+01 1.04549289e+01
 -9.96229508e+01 -6.12288610e+01 -4.14129416e+01 -3.11757057e+01
 -1.91241655e+02 -9.95194859e+01 -1.60631879e+00 -3.14089020e+01
 -2.08389225e+02 -4.28362864e+01 1.59310420e+00 -1.61062976e+01
 -1.83821205e+02 1.27285301e+01 2.51746586e+00 -2.79187969e+01
 -2.45852103e+02 3.15008610e+01 -1.84866491e+01 -3.94673837e+01
 -2.51976166e+02 2.14937506e+01 -2.54414624e+01 -4.04722643e+01
 -2.09269628e+02 4.41753004e+00 -2.40909572e+01 -3.34862124e+01
 -1.21528388e+02 2.56757616e+01 9.56903048e+00 -6.23434565e+01
 -1.72532712e+02 1.97458416e+01 2.02880791e+00 -3.35040568e+01
 -8.94039508e+01 5.27511455e+01 -5.54805904e+00 -6.62002780e+01
 -1.03703717e+02 6.62073814e+01 7.79264632e+00 -5.51515545e+01
 -9.83007996e+01 5.84462215e+01 -9.55841765e+00 -3.75309779e+01
 -1.26965702e+02 8.64302935e+01 -1.36889449e+01 -3.97810115e+01
 -9.80347741e+01 8.95077593e+01 -1.91704216e+01 -4.51860489e+01
 -9.13632273e+01 8.11108880e+01 -3.24147696e+01 -4.63839980e+01
 -1.29748103e+02 8.14057219e+01 -2.17722347e+01 -2.58911471e+01
 -1.14316779e+02 1.00503398e+02 -2.35116338e+01 -5.76271996e+01
 -1.84355236e+02 1.12597367e+02 -2.38251087e+01 -9.84048767e+00
 -2.23826067e+02 6.77575670e+01 -9.65476447e+00 -3.11483969e+00
 -1.41106975e+02 5.66826343e+01 4.96547236e+00 -3.20816088e+01
 -8.07816759e+01 6.39612308e+01 -4.43831202e+01 -7.41697493e+01
 -1.48405143e+02 1.11827324e+02 -2.90074754e+01 -3.98876096e+01
 -1.22860099e+02 8.20468390e+01 -3.47867280e+01 -4.11494392e+01
 -1.06903402e+02 7.85604175e+01 -1.51257573e+01 -3.39237455e+01
 -8.07925360e+01 6.71562443e+01 5.82545333e+00 -3.49497861e+01
 -1.42883847e+02 4.98878600e+01 9.70085402e+00 -4.57897477e+01
 -2.02036767e+02 4.64200564e+01 -1.14948003e+01 -3.15816621e+01
 -2.17103953e+02 8.97423608e+00 2.46068768e+01 -3.69931499e+01
 -2.47431452e+02 9.12023299e-01 2.40642350e+01 -1.14316071e+01
 -2.35208386e+02 -4.02881761e+01 -1.08122244e+01 1.78861958e+01
 -1.86221006e+02 1.10985600e+01 -3.13491551e+01 6.65426289e+01
 1.60132791e+02 8.83668793e+01 1.03964728e+01 3.65177044e+01
 1.27025812e+02 9.08289068e+01 -8.72987769e+00 6.36814182e+01
 1.01532679e+02 8.28591945e+01 8.35182971e+00 4.02215555e+01
 1.15833019e+02 6.28885113e+01 4.27085763e+01 2.67943612e+01
 1.38493833e+02 5.43205250e+01 2.83483385e+01 2.65583198e+01
 1.55680318e+02 3.96727736e+01 3.21808206e+01 5.47430640e+01
 2.12062292e+02 3.86361513e+01 1.16033465e+01 5.67400505e+01
 2.50907526e+02 9.76395114e+00 1.25714118e+01 2.70057536e+01
 2.08473583e+02 6.57956870e+01 2.32114505e+01 3.64407525e+01
 1.59689899e+02 8.98100553e+01 2.55093808e+01 4.37588205e+01
 1.62343157e+02 1.03753569e+02 -8.12540240e+00 3.71113513e+01
 1.55442836e+02 1.09227062e+02 -3.24336947e+00 6.70570737e+01
 1.71818324e+02 1.03176496e+02 -2.29833160e+01 7.29818155e+01
 1.37191118e+02 8.44992031e+01 2.04082844e+01 6.96937845e+01
 1.22498064e+02 6.09217309e+01 4.46421409e+01 6.09150871e+01
 1.26015027e+02 8.52867920e+01 2.25865540e+00 5.17205540e+01
 1.96835475e+02 9.65722134e+01 -1.64869883e+01 3.35812128e+01
 1.45263513e+02 1.01256446e+02 2.08651056e+00 5.83609313e+01
 1.09889992e+02 5.68332692e+01 4.67594006e+01 3.73160242e+01
 1.19989911e+02 8.99020234e+01 6.15965358e+00 5.77107348e+01
 1.07732584e+02 1.39969237e+02 5.48041069e+00 7.65009793e+01
 1.80419610e+02 8.35941286e+01 7.37399138e-02 5.83806566e+01
 1.78044888e+02 3.39330920e+01 4.35308503e+01 1.21663807e+01
 1.57286131e+02 1.05120610e+02 -2.34492180e+00 4.85424887e+01
 1.58241612e+02 9.23901961e+01 1.43878782e+01 5.75242680e+01
 2.16113783e+02 2.17526804e+01 5.21029310e+00 1.03644171e+01
 1.68806478e+02 -4.04526969e+01 5.97713716e+01 5.65423895e+00
 1.50671525e+02 3.63026815e+01 2.64465095e+01 3.60583489e+01
 1.33196145e+02 1.22166142e+02 -4.95971031e+00 6.63798127e+01
 1.40131928e+02 6.39937290e+01 1.34652373e+01 4.41570611e+01
 1.27467110e+02 4.20678601e+01 2.30020531e+01 2.96030111e+01
 1.70012098e+02 5.30305413e+01 1.57623722e+01 4.43641952e+01
 1.94999465e+02 6.49041220e+01 1.97615380e+00 4.44159075e+01
 1.47977638e+02 3.04326795e+01 2.49578641e+01 6.69741276e+00
 2.12238287e+02 7.86384352e-01 2.47230580e+01 8.20425465e-01
 1.88007280e+02 -1.37697592e+01 2.43460507e+01 3.66804342e+01
 1.09069939e+02 2.39250259e+01 3.63274177e+01 1.76653650e+01
 1.46125050e+02 9.18863875e+01 5.53319443e+00 4.35324683e+01
 1.95717815e+02 2.05193374e+01 4.18979482e+00 5.02710310e+01
 1.54969539e+02 1.47732966e+01 2.57346520e+01 -1.49837121e+00
 2.16937233e+02 -3.06685198e+01 2.42347045e+01 -2.16432295e+01
 2.32449007e+02 3.61711558e+01 1.86494122e+01 6.86818529e+00
 1.84646786e+02 9.90314295e+01 -1.17968114e+01 4.95654135e+01
 1.67114726e+02 5.65864437e+01 1.52376116e+01 2.41198360e+01
 1.85507520e+02 -9.34469930e+00 2.56332847e+01 -5.26949455e+00
 1.87709052e+02 4.63590309e+01 1.39975314e+01 1.39598178e+01
 1.76733734e+02 4.37488278e+01 1.05383955e+01 5.15743915e+01
 1.60889288e+02 -2.99024492e+01 3.54254918e+01 -7.57035822e+00
 1.92071397e+02 3.36283902e+01 1.56368029e+01 2.34027698e+01
 1.63810302e+02 1.61769664e+01 1.34612726e+01 1.29123561e+01
 1.92967733e+02 -4.44437202e+00 1.49809636e+01 -1.09072116e+01
 2.08907195e+02 -2.60885264e+01 6.29809845e+00 3.07422386e+01
 1.52946133e+02 1.05524661e+01 3.07889412e+01 1.15343447e+01
 2.12545720e+02 -2.73635412e+01 -1.14193825e+01 -4.25131491e+00
 2.33064064e+02 -3.18570515e+01 -8.00963681e+00 9.51580801e+00
 1.84792161e+02 -1.35427914e+02 -2.13569690e+02 3.06573910e+01
 1.46456959e+02 -5.69215320e+01 -1.41652082e+02 6.53988838e+01
 1.35752369e+02 -1.20449430e+02 -1.64062819e+02 6.63327905e+01
 1.98850251e+02 -1.29573040e+02 -1.13016393e+02 1.78013722e-01
 1.84496922e+02 -1.08180584e+02 -1.34735946e+02 2.34466415e+01
 1.63353155e+02 -9.90249944e+00 3.02387539e+01 2.60395906e+01
 1.74707751e+02 -1.86948454e+01 2.61420456e+01 2.85418202e+00
 2.49286759e+02 -6.37963936e+00 2.28901820e+01 1.26342006e+01
 1.68178312e+02 -4.81938565e+01 3.69970792e+01 7.87767982e-01
 1.75740970e+02 -3.02194283e+01 2.85988888e+01 -1.25944030e+01
 1.98994272e+02 2.95343126e+01 2.41571068e+01 7.44232770e+00
 2.38401952e+02 1.92494995e+00 5.82278065e+00 1.56243281e+01
 1.75041019e+02 -6.22914824e+01 4.78800006e+01 -2.76257342e+01
 1.68050271e+02 -4.33905306e+01 3.44979113e+01 -1.39299810e+01
 2.13616543e+02 -3.58107016e+01 3.57755683e+01 -1.81569096e+01
 2.32437064e+02 -2.79812911e+01 3.56221930e+01 -1.63562410e+01
 1.98053397e+02 -3.85505385e+01 1.77354738e+01 2.44976473e+01
 2.01667460e+02 -5.47286278e+00 3.13553375e+01 9.51622844e+00
 2.12606710e+02 -1.85699762e+01 2.93736830e+01 -2.51104753e+01
 1.68139788e+02 -4.29807703e+01 2.74876758e+01 -3.64855451e+01
 1.35431238e+02 -1.08036360e+01 2.26099664e+01 7.02698676e+00
 1.53096126e+02 9.40484397e+00 -9.06905307e+00 1.75207237e+01
 2.07207162e+02 2.66020658e+01 1.80650551e+01 2.42668654e+00
 2.40360487e+02 -8.25007236e+00 -5.51676612e+00 1.29472764e+01
 2.20645703e+02 -1.20681917e+01 1.59449404e+01 -3.43961083e+00
 2.22151661e+02 -4.09462860e+01 2.28634537e+01 -3.22666448e+01
 2.07387931e+02 -4.11589427e+01 4.45152881e+01 -1.63628223e+01
 1.75840028e+02 -6.29757379e+01 7.10081334e+01 -1.35381903e+00
 2.03397877e+02 -3.45372520e+01 3.73289957e+01 -5.45407088e+01
 1.63148750e+02 -3.77668946e+01 3.76187531e+01 -8.79741519e+00
 2.24079109e+02 -3.24630364e+01 8.46648021e+00 -3.26603642e+01
 1.43628526e+02 -1.39835026e+01 2.23459136e+01 -1.05300526e+01
 1.54402259e+02 7.76428586e+00 1.35575761e+01 -2.54013794e+01
 1.76425428e+02 -2.00230673e+01 3.12514445e+01 -2.99499330e+01
 1.60721495e+02 -2.93240844e+01 4.74195505e+01 -2.35678727e+00
 2.25296672e+02 -3.52514892e+01 3.39227149e+01 -5.23741358e+01
 2.27540665e+02 -2.70726564e+01 2.24518327e+01 -5.48560646e+01
 2.33705604e+02 -4.20022039e+01 3.70419738e+01 -2.85452724e+01
 1.77595042e+02 -3.78834064e+01 2.21484003e+01 1.09301892e+01
 2.03864213e+02 -2.98289063e+01 2.28185515e+01 9.86920791e+00
 2.32509047e+02 -5.47328128e+01 1.57481962e+01 -1.06858269e+01
 2.47078067e+02 -4.96896809e+01 2.28508026e+01 -2.96076109e+01
 2.14943909e+02 -4.98541852e+01 4.07308974e+01 -4.08824083e+01
 2.19062489e+02 -3.65933586e+01 -5.00894730e+00 -3.81230760e+01
 2.06054389e+02 -8.23848807e+01 -5.10064293e+01 -2.44744684e+01
 1.05983734e+02 -1.23792535e+02 -1.47167556e+02 4.38339346e+01
 1.53088426e+02 -1.26095760e+02 -1.32049724e+02 2.76174159e+01
 2.07861078e+02 -5.35838429e+01 -4.28337083e+01 1.54907210e+01
 2.24787584e+02 2.61570980e+01 2.04318888e+01 2.02015448e+01
 2.14171241e+02 -2.55960103e+01 3.39510951e+01 -4.55564125e+01
 2.09634709e+02 -4.57492942e+01 3.45090195e+01 -3.06051562e+01
 2.37974576e+02 -2.37906724e+01 1.42205428e+01 -2.58416639e+01
 2.18039903e+02 -3.57404186e+01 3.71328959e+01 -3.77355143e+01
 2.12781246e+02 -5.25394352e+01 2.58714774e+01 -4.27606770e+01
 2.06906296e+02 -5.28696534e+01 -2.76280347e+00 -3.30529622e+01
 2.03198625e+02 -7.01781025e+01 2.52314503e+01 -1.06850579e+01
 2.42160082e+02 -5.49192209e+01 2.90713804e+01 -5.03178930e+01
 2.07203034e+02 -3.18711789e+01 3.83863046e+01 -3.61893595e+01
 2.13951160e+02 -1.60157540e+01 3.08233905e+01 -4.32539615e+01
 2.28159082e+02 -3.71829349e+01 3.23771874e+01 -4.89416513e+01
 2.15169634e+02 -5.40682184e+01 3.23200027e+01 -2.55296091e+01
 2.50508309e+02 -1.35242698e+01 -4.27943226e+00 -4.51034414e+01
 2.25026739e+02 -2.12451836e+01 1.02182836e+01 6.96418656e+00
 2.12609953e+02 -3.42722949e+01 7.08460456e+00 -1.59449114e+01
 2.39608727e+02 -3.25941714e+01 -2.46452019e+00 -3.88614981e+01
 2.29310695e+02 -5.92518131e+01 -7.87555801e+00 -6.34247116e+01
 2.06545560e+02 -3.94632298e+01 3.80508904e+01 -3.74223147e+01
 1.83745028e+02 1.76515600e+01 1.36733848e+01 2.36916112e+00
 1.57078396e+02 6.86817399e+01 9.46179184e+00 4.85160521e+00
 1.95427228e+02 2.73541357e+01 -1.53511416e+01 2.13539548e+01
 1.87559946e+02 4.06685940e+01 -1.49538591e+01 4.25010988e+01
 1.49431131e+02 6.06869864e+01 3.23402192e+01 2.62318858e+01
 1.62177944e+02 -7.12382650e+00 1.85170807e+01 -1.84052808e+01
 1.78495127e+02 -3.69245625e+00 3.26109826e+00 9.82971753e+00
 1.88225318e+02 -6.55287486e+01 -1.88884622e+02 4.27156772e+01
 1.76397571e+02 -4.75609794e+00 -1.51799165e+02 4.93898222e+01
 1.78123240e+02 -5.70554077e+01 -1.29672418e+02 4.88291899e+01
 1.76643447e+02 -1.05206098e+02 1.64999452e+00 1.34074978e+01
 1.29866813e+02 1.47422033e+01 2.12098216e+01 3.71424997e+01
 2.02643436e+02 -3.65402162e+01 2.21919181e+01 -3.17988705e+00
 1.80387707e+02 -4.46270833e+01 1.49975125e+01 -6.79428807e+01
 2.30149741e+02 -6.81345530e+01 1.50255649e+01 -7.33283486e+01
 1.96592575e+02 -1.52845157e+01 2.48611791e+01 -1.72971821e+01
 1.87411276e+02 -2.13117448e+01 2.67617851e+00 -5.39296124e+00
 1.89357957e+02 -4.38796582e+01 -1.02806485e+01 -5.48797879e+01
 1.70640772e+02 -1.01076775e+02 1.05717671e+01 -4.98595081e+01
 1.83595775e+02 -9.67459553e+01 -1.39267053e+01 -4.95717496e+01
 1.36355133e+02 -1.47691085e+01 -7.86295003e+00 2.56306723e+00
 1.82690406e+02 -1.78724337e+00 1.97258616e+01 5.75511858e+00
 2.16171398e+02 -6.58464085e+01 -9.01603692e+01 -9.22722893e+00
 2.05521820e+02 -9.22590181e+01 -1.11167919e+02 1.58398382e+00
 2.15295850e+02 -1.00395251e+02 -5.63165383e+01 -3.96248485e+01
 2.42483623e+02 -3.37434656e+01 -5.83261582e+00 -3.38590070e+01
 1.93429125e+02 -2.51813836e+01 1.76212194e+01 -1.29175639e+01
 1.54039124e+02 2.03952911e+01 1.68087058e+01 3.63433802e+01
